ecoli_4v9d_ndb_aa.txt reference_structure zero_origin
7 23
8 22
9 21
10 20
13 918
15 916
16 915
17 914
25 554
26 553
27 552
28 551
30 550
31 549
32 548
33 547
34 546
37 401
38 400
39 399
40 398
41 397
42 396
43 394
44 393
45 359
50 357
51 356
52 355
54 354
55 353
56 352
59 104
60 103
61 102
64 101
65 100
67 97
68 96
71 95
72 94
73 93
74 91
75 90
78 87
80 85
111 312
112 311
113 310
120 237
121 236
122 235
123 234
124 233
125 232
126 231
129 229
130 228
134 225
135 224
137 222
139 220
140 219
142 176
144 174
145 173
151 166
152 165
153 164
154 163
155 162
156 161
182 191
183 190
184 189
196 217
197 216
198 215
199 214
200 213
201 212
204 211
238 284
239 283
240 282
245 275
246 274
247 273
250 272
252 270
253 269
254 268
255 267
256 266
257 265
287 309
288 308
289 307
290 306
291 302
292 301
293 300
294 299
314 335
315 334
316 333
317 332
318 331
337 348
338 347
339 346
340 345
365 391
367 390
368 389
369 388
373 387
374 385
375 384
376 383
377 382
404 434
405 433
406 432
407 431
414 425
415 424
416 423
417 422
438 495
440 490
441 489
442 488
443 487
444 486
448 481
454 474
455 473
456 472
457 471
458 470
460 468
498 543
499 542
500 541
501 540
502 539
503 524
504 523
505 522
509 538
510 537
511 536
512 535
513 534
519 526
520 525
565 881
566 880
567 879
568 864
569 863
573 878
575 762
576 761
577 760
578 759
582 755
583 754
584 753
586 649
587 648
588 647
589 646
590 645
591 644
592 643
594 642
595 641
596 638
597 637
598 636
599 635
600 634
601 633
602 632
603 631
611 625
612 624
613 623
614 622
615 621
652 752
653 749
654 748
655 747
656 746
657 744
658 743
659 742
660 741
664 738
665 737
666 736
667 735
668 734
669 733
670 732
671 715
676 710
677 709
678 708
679 707
680 706
681 705
682 704
686 697
687 696
723 730
724 729
767 808
768 807
769 806
770 805
771 804
772 803
776 802
777 801
781 797
782 796
783 795
784 794
815 1527
819 877
820 876
821 875
822 874
823 873
824 872
827 855
828 854
829 853
830 852
831 851
832 850
833 849
834 848
835 847
836 846
837 845
838 844
859 866
860 865
883 910
884 909
885 908
892 903
893 902
894 901
895 900
919 1394
920 1393
921 1391
922 1390
923 1389
925 1388
926 1387
927 1386
928 1385
930 1383
931 1382
933 1378
934 1377
937 1342
938 1341
939 1340
940 1339
941 1338
944 1233
945 1232
946 1231
947 1230
948 1229
949 1228
950 1227
951 1226
952 1224
953 1223
960 971
961 970
982 1219
983 1218
984 1217
986 1215
988 1213
991 1043
998 1038
1000 1036
1009 1016
1026 1031
1045 1208
1046 1207
1048 1206
1049 1205
1050 1204
1055 1201
1056 1197
1057 1196
1058 1195
1059 1193
1061 1191
1066 1105
1067 1104
1068 1103
1069 1102
1070 1101
1071 1100
1073 1080
1074 1079
1086 1095
1087 1094
1111 1185
1112 1184
1113 1183
1114 1182
1116 1153
1117 1152
1119 1150
1120 1149
1122 1147
1156 1179
1159 1173
1160 1172
1161 1171
1163 1169
1235 1335
1239 1294
1240 1293
1243 1290
1244 1289
1245 1288
1252 1281
1253 1280
1256 1275
1261 1270
1262 1269
1263 1268
1301 1332
1306 1327
1307 1326
1309 1324
1311 1322
1348 1370
1349 1369
1350 1368
1351 1367
1352 1366
1353 1365
1354 1364
1397 1502
1399 1499
1402 1495
1403 1494
1405 1492
1408 1488
1409 1487
1410 1486
1413 1483
1414 1482
1417 1479
1418 1478
1419 1477
1420 1476
1421 1475
1422 1474
1423 1473
1424 1472
1425 1471
1426 1470
1427 1469
1428 1468
1433 1464
1434 1463
1435 1462
1436 1461
1437 1460
1438 1459
1440 1458
1441 1457
1442 1456
1443 1455
1446 1453
1447 1452
1505 1526
1506 1525
1507 1524
1508 1523
1509 1522
1510 1521
1511 1520
1512 1519
1513 1518
