>thermophilus_4v51_ndb_aa.txt reference_structure zero_origin
9 25
10 24
11 23
12 22
15 897
17 895
18 894
19 893
27 539
28 538
29 537
30 536
32 535
33 534
34 533
35 532
36 531
39 398
40 397
41 396
42 395
43 394
44 393
45 391
46 390
47 356
52 354
53 353
54 352
56 351
57 350
61 99
62 98
63 97
66 96
67 95
69 93
70 92
71 91
72 90
106 309
107 308
108 307
115 234
116 233
117 232
118 231
119 230
120 229
121 228
122 227
125 226
126 225
130 222
131 221
132 220
133 219
134 218
135 217
136 216
138 172
139 171
141 169
142 168
147 162
148 161
177 200
178 199
179 198
185 197
204 214
205 213
206 212
235 281
236 280
237 279
242 272
243 271
244 270
247 269
248 268
249 267
250 266
251 265
252 264
253 263
254 262
284 306
285 305
286 304
287 303
288 299
289 298
290 297
291 296
311 332
312 331
314 329
315 328
334 345
335 344
336 343
337 342
362 388
364 387
365 386
366 385
370 384
372 382
373 381
374 379
401 431
402 430
403 429
404 428
411 422
412 421
413 420
414 419
436 476
437 475
438 474
439 473
440 472
444 467
450 460
483 528
484 527
485 526
486 525
487 524
488 509
489 508
490 507
494 523
495 522
496 521
497 520
498 519
504 511
505 510
550 860
551 859
552 858
553 843
554 842
558 857
560 747
561 746
562 745
563 744
567 740
568 739
569 738
571 634
572 633
573 632
574 631
575 630
576 629
577 628
579 627
580 626
581 623
583 621
584 620
585 619
586 618
587 617
588 616
595 611
596 610
597 609
598 608
600 606
637 737
638 734
639 733
640 732
641 730
642 729
643 728
644 727
645 726
649 723
650 722
651 721
652 720
653 719
654 718
655 717
656 700
661 695
662 694
663 693
664 692
665 691
666 690
671 682
672 681
708 715
709 714
752 793
753 792
754 791
755 790
756 789
757 788
761 787
762 786
766 782
767 781
768 780
769 779
800 1506
804 856
805 855
806 854
807 853
808 852
809 851
812 834
813 833
814 832
815 831
816 830
817 829
819 827
820 826
821 825
838 845
839 844
862 889
863 888
864 887
871 882
872 881
873 880
874 879
898 1378
899 1377
900 1375
901 1374
902 1373
904 1372
905 1371
906 1370
907 1369
908 1368
909 1367
910 1366
912 1362
913 1361
916 1325
917 1324
918 1323
920 1321
923 1216
924 1215
925 1214
926 1213
927 1212
928 1211
929 1210
930 1209
931 1207
932 1206
939 950
940 949
961 1202
962 1201
963 1200
964 1199
965 1198
966 1197
967 1196
970 1027
974 1026
977 1023
978 1022
985 1000
987 998
989 996
990 995
1010 1014
1029 1191
1030 1190
1032 1189
1033 1188
1034 1187
1038 1185
1039 1184
1040 1180
1041 1179
1043 1176
1045 1174
1050 1089
1051 1088
1052 1087
1053 1086
1054 1085
1055 1084
1056 1065
1057 1064
1058 1063
1069 1080
1070 1079
1071 1078
1095 1168
1096 1167
1097 1166
1098 1165
1100 1137
1102 1135
1103 1134
1104 1133
1109 1127
1145 1155
1218 1318
1222 1277
1223 1276
1224 1275
1225 1274
1226 1273
1227 1272
1228 1271
1234 1265
1235 1264
1239 1258
1243 1254
1244 1253
1245 1252
1284 1315
1289 1310
1290 1309
1291 1308
1292 1307
1293 1306
1294 1305
1295 1304
1331 1354
1332 1353
1333 1352
1334 1351
1335 1350
1336 1349
1337 1348
1381 1481
1383 1478
1386 1474
1387 1473
1389 1471
1391 1468
1392 1467
1393 1466
1394 1465
1396 1463
1397 1462
1398 1461
1401 1458
1402 1457
1403 1456
1406 1453
1407 1452
1408 1451
1409 1450
1410 1449
1411 1448
1412 1447
1413 1446
1417 1443
1419 1441
1420 1440
1421 1439
1427 1436
1428 1435
1429 1434
1484 1505
1485 1504
1486 1503
1487 1502
1488 1501
1489 1500
1490 1499
1491 1498
1492 1497
